1000 1.000000
5000 8.000000
8000 10.000000
10000 14.000000
20000 29.000000
30000 45.000000
40000 61.000000
50000 78.000000
65000 101.000000
80000 128.000000
90000 145.000000
100000 162.000000
1000 1.000000
5000 7.000000
8000 10.000000
10000 11.000000
20000 23.000000
30000 35.000000
40000 47.000000
50000 61.000000
65000 80.000000
80000 101.000000
90000 114.000000
100000 129.000000
1000 1.000000
5000 7.000000
8000 10.000000
10000 12.000000
20000 24.000000
30000 36.000000
40000 47.000000
50000 60.000000
65000 80.000000
80000 101.000000
90000 115.000000
100000 129.000000
