1000 1.000000
5000 7.000000
8000 10.000000
10000 13.000000
20000 29.000000
30000 45.000000
40000 62.000000
50000 79.000000
65000 105.000000
80000 132.000000
90000 151.000000
100000 169.000000
1000 1.000000
5000 5.000000
8000 7.000000
10000 8.000000
20000 18.000000
30000 26.000000
40000 33.000000
50000 41.000000
65000 53.000000
80000 66.000000
90000 75.000000
100000 83.000000
1000 1.000000
5000 5.000000
8000 7.000000
10000 9.000000
20000 18.000000
30000 26.000000
40000 33.000000
50000 41.000000
65000 53.000000
80000 66.000000
90000 74.000000
100000 82.000000
