1000 1.000000
5000 5.000000
8000 8.000000
10000 10.000000
20000 20.000000
30000 31.000000
40000 42.000000
50000 52.000000
65000 70.000000
80000 86.000000
90000 97.000000
100000 108.000000
1000 1.000000
5000 8.000000
8000 10.000000
10000 13.000000
20000 26.000000
30000 37.000000
40000 48.000000
50000 60.000000
65000 78.000000
80000 97.000000
90000 111.000000
100000 123.000000
1000 1.000000
5000 8.000000
8000 12.000000
10000 14.000000
20000 26.000000
30000 36.000000
40000 48.000000
50000 59.000000
65000 78.000000
80000 100.000000
90000 111.000000
100000 124.000000
