1000 1.000000
5000 4.000000
8000 5.000000
10000 6.000000
20000 13.000000
30000 19.000000
40000 25.000000
50000 31.000000
65000 40.000000
80000 50.000000
90000 56.000000
100000 63.000000
1000 1.000000
5000 7.000000
8000 10.000000
10000 11.000000
20000 22.000000
30000 34.000000
40000 45.000000
50000 57.000000
65000 75.000000
80000 95.000000
90000 106.000000
100000 118.000000
1000 1.000000
5000 7.000000
8000 10.000000
10000 12.000000
20000 27.000000
30000 42.000000
40000 57.000000
50000 73.000000
65000 97.000000
80000 122.000000
90000 139.000000
100000 157.000000
