1000 0.000000
5000 4.000000
8000 5.000000
10000 6.000000
20000 12.000000
30000 17.000000
40000 23.000000
50000 29.000000
65000 37.000000
80000 46.000000
90000 52.000000
100000 59.000000
1000 0.000000
5000 4.000000
8000 5.000000
10000 6.000000
20000 13.000000
30000 20.000000
40000 25.000000
50000 30.000000
65000 40.000000
80000 50.000000
90000 56.000000
100000 63.000000
1000 0.000000
5000 4.000000
8000 5.000000
10000 7.000000
20000 14.000000
30000 22.000000
40000 31.000000
50000 39.000000
65000 52.000000
80000 65.000000
90000 74.000000
100000 83.000000
