1000 1.000000
5000 6.000000
8000 10.000000
10000 11.000000
20000 23.000000
30000 33.000000
40000 43.000000
50000 56.000000
65000 74.000000
80000 93.000000
90000 105.000000
100000 118.000000
1000 0.000000
5000 3.000000
8000 5.000000
10000 6.000000
20000 12.000000
30000 17.000000
40000 23.000000
50000 28.000000
65000 37.000000
80000 46.000000
90000 52.000000
100000 58.000000
1000 0.000000
5000 3.000000
8000 5.000000
10000 6.000000
20000 13.000000
30000 20.000000
40000 28.000000
50000 36.000000
65000 47.000000
80000 60.000000
90000 68.000000
100000 77.000000
